10 9
# Row 0
0.498382
0.972122
0.381403
0.0129854
0.702601
0.411554
0.354177
0.509077
0.59004
# Row 1
0.186155
0.333135
0.110749
0.62358
0.186397
0.345206
0.444639
0.338923
0.0635796
# Row 2
0.340647
0.786244
0.448862
0.364927
0.794283
0.231262
0.395333
0.916681
0.595125
# Row 3
0.351259
0.172236
0.244831
0.0376817
0.271763
0.374705
0.623639
0.236438
0.38981
# Row 4
0.696232
0.621134
0.551736
0.633684
0.0457071
0.410022
0.0752589
0.128232
0.221852
# Row 5
0.289066
0.0141365
0.873565
0.620664
0.736912
0.0251882
0.972561
0.798563
0.335946
# Row 6
0.478996
0.593333
0.234168
0.262243
0.024333
0.157546
0.267376
0.958685
0.127252
# Row 7
0.775217
0.716214
0.577278
0.879107
0.163592
0.928471
0.794487
0.910447
0.794147
# Row 8
0.192975
0.436784
0.772598
0.801064
0.269687
0.784564
0.418589
0.890382
0.881338
# Row 9
0.499268
0.145649
0.63582
0.00334993
0.404126
0.471771
0.800151
0.682587
0.172778