9 10
# Row 0
0.603418
0.508582
0.437318
0.172841
0.167056
0.409018
0.79908
0.00224727
0.30991
0.0359345
# Row 1
0.622728
0.906974
0.669077
0.373381
0.221551
0.897392
0.931634
0.715474
0.957153
0.357625
# Row 2
0.0460832
0.108868
0.46935
0.366074
0.158926
0.273692
0.315548
0.699461
0.536851
0.480085
# Row 3
0.770404
0.646036
0.867711
0.658005
0.0447452
0.0324487
0.599201
0.296972
0.449489
0.554535
# Row 4
0.924793
0.0916872
0.49026
0.462892
0.791914
0.46611
0.669214
0.398563
0.845468
0.985427
# Row 5
0.983105
0.101743
0.566916
0.681042
0.0347681
0.367166
0.389322
0.672107
0.0660548
0.924559
# Row 6
0.204543
0.388213
0.524019
0.452301
0.200549
0.666721
0.392135
0.149377
0.22335
0.0161113
# Row 7
0.0609742
0.79717
0.0259207
0.169982
0.0376732
0.031958
0.600791
0.487415
0.0633319
0.254788
# Row 8
0.876507
0.831995
0.938076
0.752258
0.0522379
0.847427
0.463786
0.854557
0.738544
0.371501